//provId:neighboursProvId[]
//AL
3031:3443,3030,3029,3485
3030:3031,3029,2993,3594,3443
2993:3030,3029,3028,3755,3754,2994,3594
3594:2993,3030,3443,2994
3443:3031,3030,3594,2994,3444
2994:2993,3754,3753,2991,3444,3443,3594
3444:3445,2991,2994,3443
3445:3446,2991,3444
2991:3444,2994,3754,3753,2992,3446,3445
3446:2991,2992,3198,3445
3198:2992,3446,3204,3203,3200,3201,3202,3199,3123
2992:3198,3123,3124,2996,2995,2991,3753,3446
//XK
2995:2992,3753,3100,3118,3114,3119,2996
3100:3099,3756,3753,2995,3118
3099:3101,3760,3756,3100,3118,3117,3109
3118:3099,3109,3117,3116,3114,2995,3100
3114:3118,2995,3119,3115,3116,3117
3119:3120,3121,3124,2996,2995,3114,3115
2996:2992,3124,3119,2995
//MK
3753:2992,2991,3754,3756,3100,2995
3756:3753,3754,3757,3759,3760,3101,3099,3100
3760:3756,3759,3110,3101,3099
3759:3758,3111,3110,3760,3756,3757
3758:3111,3759,3757,3098
3757:3758,3098,3755,3754,3756,3759
3754:3755,3757,3756,3753,2991,2994,2993
3755:3028,3098,3757,3754,2993
//GR
3029:3485,3031,3030,2993,3028,3438,3439,3442
3028:2993,3029,3438,3098,3755
3098:3028,3438,3195,3755,3757,3758,3111
3438:3439,3442,3029,3028,3098
3442:3485,3029,3438,3439,3441
3439:3442,3438,3440
3440:3439,3441,3479
3441:3442,3440
3485:3031,3029,3442,3442
//ME

3204:3203,3198
3203:3204,3198,3200,3569,3447
3447:3203,3569,3154
3154:3447,3569,3153,3156,3112
3112:3154,3156,3792
3569:3154,3447,3203,3200,3202,3572,3153
3200:3203,3198,3201,3202,3569
3201:3200,3198,3202
3572:3202,3569,3153,3571
3153:3154,3569,3572,3571,3570,3152,3156
3202:3201,3198,3200,3569,3572,3571,3199
3571:3199,3202,3572,3153,3570,3568,3121
3199:3571,3121,3202,3198,3123
3123:2992,3198,3199,3124
3124:3119,2996,3121,3199,3123,2992
3120:3122,3121,3119,3115
3121:3120,3119,3124,3199,3571,3568,3127,3122
3122:3115,3127,3126,3120,3121
3571:3121,3199,3202,3572,3153,3570,3568
3568:3127,3121,3571,3570,3151,3125
3127:3126,3115,3122,3121,3568,3125
3125:3126,3156,3151,3568,3127
3151:3156,3125,3568,3570,3152
3153:3152,3570,3571,3572,3569,3154,3156
3152:3151,3570,3153,3156
3570:3151,3568,3571,3153,3152
//IT
3482:3453
3453:3482,3452
3452:3453,3454,3451
3451:3452,3454,3450
3454:3452,3451,3450,3455
3450:3451,3454,3449,3455
3455:3449,3450,3454,3705,3456,3786
3449:3450,3455,3085,3786,3085
3085:3083,3084,3705,3456,3449
3705:3455,3449,3085,3456
3456:3455,3705,3085,3084
3084:3085,3456,3083,3060,3042,3044,3087
3060:3061,3042,3044,3084,3456
3042:3062,3061,3040,3041,3043,3044,3084,3060
3040:3041,3042,3062
3044:3084,3042,3043,3045,3046,3087
3087:3084,3044,3046,3089,3048
3089:3762,3763,3087,3088
3046:3048,3086,3087,3044,3045
3487:3488
//VA
3786:3455
//SM
3083:3085,3086